16154 16206 16302 16410 16496 16543 16557 16555 16552 16562 16592 16620 16635 16645 16656 16663 16664 16652 16635 
16616 16614 16612 16610 16610 16610 16606 16601 16598 16598 16601 16603 16603 16601 14217 14277 14388 14512 14609 
14663 14680 14679 14676 14682 14705 14727 14740 14743 14755 14765 14773 14768 14756 14743 14747 14744 14736 14731 
14729 14727 14725 14724 14724 14725 14726 14724 14721 12280 12348 12475 12614 12722 12783 12802 12803 12801 12804 
12817 12835 12845 12841 12854 12868 12882 12885 12878 12870 12881 12876 12863 12852 12849 12850 12850 12850 12850 
12849 12849 12846 12842 10343 10420 10562 10716 10836 10903 10926 10928 10926 10925 10931 10943 10951 10939 10954 
10971 10992 11002 11000 10998 11015 11008 10990 10973 10969 10972 10975 10976 10976 10974 10972 10968 10963 9294. 
9361. 9484. 9619 9724 9782. 9802. 9804 9800. 9794. 9798 9815. 9834. 9825 9833 9844. 9862 9872. 9870. 9867. 
9882. 9876. 9861 9845. 9841. 9843 9844. 9845. 9847. 9848 9848. 9846. 9843. 8245. 8302. 8407. 8522 8612 8662. 
8679. 8680 8675. 8664. 8665 8687. 8717. 8711 8712 8718. 8732 8742. 8741. 8736. 8750. 8745. 8732 8718. 8713. 
8714 8714. 8715. 8718. 8722 8724. 8725. 8723. 7197 7244 7330 7425 7500 7542 7556 7556 7550 7534 7532 
7560 7601 7597 7591 7592 7602 7613 7612 7606 7618 7614 7603 7591 7586 7585 7584 7585 7590 7596 
7601 7604 7604 6659 6700. 6777. 6863. 6932 6970. 6983. 6983. 6979. 6966. 6962. 6989 7027. 7025. 7018 7017. 
7026. 7037 7037 7033. 7044. 7040. 7030. 7019. 7013. 7012 7010. 7011. 7016. 7022. 7028 7031. 7031. 6121 6157. 
6225. 6302. 6363. 6399. 6411. 6412 6409. 6398. 6393. 6418 6453. 6454. 6445 6442. 6450 6461 6462 6461. 6470. 
6467. 6458. 6447. 6442 6438. 6437. 6437. 6442. 6449. 6455 6458. 6458. 5583 5614 5673 5741 5796 5828 5839 
5840 5839 5831 5824 5847 5880 5883 5872 5868 5874 5885 5887 5889 5897 5894 5886 5876 5870 5866 
5864 5864 5869 5876 5882 5886 5886 4725. 4750. 4797. 4853. 4900. 4928 4937. 4938. 4937. 4929. 4925. 4944 
4972. 4973. 4962. 4958. 4964. 4975. 4977 4978. 4984. 4982. 4976. 4968. 4963. 4960. 4958. 4959 4964 4970. 4976. 
