16088 16117 16189 16297 16420 16527 16588 16609 16619 16630 16633 16625 16614 16623 16634 16633 16628 16601 16594 
16593 16606 16620 16629 16629 16631 16632 16628 16623 16620 16618 16611 16600 16590 14142 14177 14261 14382 14516 
14632 14697 14720 14727 14731 14727 14722 14716 14718 14725 14724 14721 14701 14700 14706 14723 14735 14739 14739 
14742 14745 14742 14739 14735 14732 14725 14715 14705 12196 12237 12334 12467 12613 12736 12807 12830 12835 12831 
12820 12818 12818 12813 12817 12815 12814 12801 12805 12819 12839 12849 12850 12849 12854 12858 12857 12856 12851 
12847 12840 12829 12819 10249 10297 10406 10552 10709 10841 10916 10941 10943 10932 10914 10915 10920 10908 10908 
10906 10907 10901 10911 10932 10956 10964 10960 10959 10965 10972 10972 10973 10967 10961 10954 10944 10933 9212. 
9254. 9347. 9475. 9613. 9730. 9796. 9817. 9818. 9806. 9790. 9795. 9805. 9796. 9794. 9793. 9794. 9788. 9793. 9811. 
9833. 9840. 9836. 9835. 9840. 9847. 9849. 9850. 9848. 9845. 9840. 9830. 9820. 8175. 8210. 8289. 8398. 8517. 8618. 
8675. 8694. 8693. 8681. 8666. 8675. 8691. 8684. 8680. 8679. 8681. 8675. 8676. 8690. 8710. 8716. 8712. 8711. 8715. 
8723 8725. 8728. 8728. 8728. 8725. 8717. 8708. 7139 7166. 7231. 7322. 7422 7506. 7555 7570. 7569 7556. 7542. 
7555. 7576. 7572. 7567 7566. 7569 7562. 7558. 7569. 7587. 7592 7587. 7587. 7591 7598. 7601. 7606 7609. 7612. 
7611. 7604. 7595. 6606. 6630. 6686. 6768. 6860. 6938. 6983. 6998. 6999. 6994. 6984. 6992. 7007. 7003. 6999. 6998. 
7000. 6995. 6991. 7002. 7018. 7022. 7017. 7016. 7018. 7024. 7027. 7032. 7035. 7039. 7038. 7032. 7023. 6074. 6093. 
6141. 6214. 6298. 6370. 6411. 6426. 6429. 6431. 6426. 6429. 6437. 6434. 6431. 6429. 6431. 6427. 6423. 6434. 6449. 
6452. 6448. 6445. 6446. 6450. 6453. 6458. 6462. 6465. 6466. 6459. 6452. 5542 5557 5596. 5661. 5736. 5802. 5839. 
5854. 5860 5868. 5869. 5866. 5868. 5865. 5863. 5861 5863. 5859. 5856. 5867. 5880. 5882. 5878. 5874. 5874 5877 
5879. 5884. 5888. 5892. 5893. 5887. 5881 4692. 4701. 4731. 4784. 4848. 4905. 4937. 4949. 4955. 4962. 4963. 4963. 
4965. 4962. 4958. 4955. 4958. 4957. 4953. 4961. 4973. 4975. 4971. 4968. 4968. 4971. 4973. 4978. 4982. 4987. 4988. 
