16054 16063 16090 16149 16259 16414 16581 16647 16669 16683 16662 16608 16573 16619 16655 16633 16646 16578 16582 
16557 16563 16592 16611 16607 16603 16624 16628 16640 16632 16618 16596 16570 16548 14104 14118 14152 14217 14331 
14490 14658 14723 14739 14741 14707 14679 14671 14693 14727 14713 14726 14670 14671 14650 14653 14680 14692 14692 
14704 14725 14725 14745 14739 14725 14701 14674 14651 12154 12172 12213 12285 12403 12566 12736 12798 12810 12799 
12752 12751 12768 12768 12799 12794 12805 12762 12760 12744 12743 12768 12774 12778 12805 12827 12823 12850 12847 
12831 12807 12778 12754 10204 10227 10275 10353 10476 10642 10814 10874 10881 10856 10796 10822 10866 10842 10872 
10874 10885 10855 10849 10838 10833 10856 10855 10863 10907 10928 10920 10956 10955 10937 10912 10883 10857 9172. 
9191. 9232. 9300. 9409. 9556. 9708. 9763. 9770. 9749. 9704. 9722. 9764. 9747. 9762. 9766. 9776. 9752. 9747. 9739. 
9734. 9754. 9751. 9753. 9785. 9809. 9805. 9841. 9842. 9827. 9806. 9780. 9755. 8141. 8156. 8190. 8248. 8342. 8470. 
8604. 8652. 8659. 8642. 8611. 8623. 8662. 8651. 8652. 8658. 8667. 8649. 8645. 8640. 8635. 8653. 8646. 8643. 8664. 
8690. 8690. 8727. 8728. 8717. 8699. 8676. 8654. 7110. 7121. 7147. 7195. 7275. 7384. 7499 7541. 7548 7536 7518. 
7523. 7561 7556. 7542. 7551. 7559 7546. 7544. 7541. 7537. 7552 7541. 7533. 7544 7571. 7575. 7613 7615. 7607. 
7593 7573. 7552. 6580. 6588. 6609. 6651. 6725. 6826. 6933. 6972. 6979. 6969. 6953. 6959. 6994. 6989. 6974. 6981. 
6986. 6977. 6976. 6976. 6974. 6987. 6977. 6967. 6977. 6999. 7005. 7040. 7041. 7035. 7022. 7004. 6984. 6050. 6055. 
6070. 6107. 6174. 6268. 6367. 6404. 6410. 6402. 6387. 6395. 6428. 6422. 6407. 6412. 6413. 6408. 6408. 6412. 6411. 
6422. 6413. 6401. 6410. 6428. 6435. 6467. 6468. 6462. 6451. 6434. 6416. 5520 5521. 5532. 5563. 5624. 5710. 5801. 
5835. 5842. 5835. 5822. 5831. 5862. 5856. 5839. 5842. 5841 5839 5840. 5847. 5848. 5857. 5850 5835 5843. 5857 
5865. 5894. 5895. 5890. 5880. 5865. 5849 4673. 4671. 4675. 4699. 4751. 4825. 4904. 4933. 4939. 4933. 4921. 4929. 
4959. 4952. 4937. 4937. 4935. 4930. 4933. 4943. 4947. 4955. 4948. 4935. 4942. 4954. 4962. 4988. 4989. 4986. 4978. 
