16050 16056 16068 16085 16110 16145 16249 16370 16460 16491 16501 16509 16528 16546 16586 16559 16526 16504 16461 
16433 16388 16389 16396 16427 16441 16474 16510 16524 16514 16499 16479 16458 16440 14097 14108 14127 14148 14174 
14208 14307 14418 14494 14512 14511 14537 14571 14607 14651 14630 14604 14592 14557 14532 14480 14464 14452 14473 
14495 14539 14589 14613 14604 14587 14566 14544 14525 12145 12161 12185 12210 12238 12272 12365 12466 12529 12533 
12520 12565 12614 12669 12717 12701 12683 12679 12654 12632 12572 12539 12507 12518 12550 12603 12668 12703 12693 
12675 12654 12630 12609 10193 10214 10244 10273 10302 10335 10424 10514 10563 10554 10530 10593 10657 10730 10782 
10772 10761 10767 10750 10731 10664 10615 10563 10564 10604 10668 10747 10792 10782 10763 10741 10716 10694 9162. 
9180. 9206. 9231. 9257. 9288. 9371. 9460. 9515. 9519. 9510. 9559. 9602. 9643. 9687. 9679. 9668. 9672. 9654. 9639. 
9584. 9537. 9489. 9486. 9518. 9572. 9637. 9679. 9673. 9659. 9644. 9626. 9607. 8132. 8147. 8168. 8189. 8212. 8241. 
8319. 8406. 8467. 8484. 8491. 8524. 8547. 8555. 8591. 8586. 8575. 8577. 8558. 8547. 8504. 8459. 8415. 8409. 8432. 
8477. 8528. 8565. 8563. 8556. 8547. 8535. 8520. 7102 7113. 7130. 7148 7168. 7194. 7266. 7352 7419 7449. 7472. 
7490 7492. 7468. 7496 7493. 7482. 7482. 7462. 7455 7425. 7382. 7341 7331. 7346. 7382. 7419. 7451. 7454. 7452. 
7450. 7445. 7434. 6573. 6581. 6593. 6607. 6625. 6650. 6719. 6801. 6864. 6892. 6910. 6928. 6931. 6906. 6928. 6926. 
6916. 6918. 6899. 6894. 6868. 6828. 6793. 6784. 6795. 6825. 6857. 6887. 6890. 6888. 6888. 6884. 6875. 6045. 6048. 
6056. 6067. 6083. 6107. 6172. 6250. 6310. 6335. 6347. 6366. 6369. 6343. 6362. 6358. 6350. 6354. 6337 6334. 6312. 
6274. 6246. 6236. 6244. 6267. 6295. 6322. 6325. 6325. 6326. 6324. 6316. 5517 5516 5519. 5527 5541 5563. 5625. 
5700. 5756. 5778. 5785. 5804. 5808. 5781. 5795 5791. 5784. 5790. 5774. 5773. 5756. 5720. 5698. 5689. 5692. 5710. 
5733. 5758 5761. 5761. 5764. 5763. 5757. 4671. 4666. 4664. 4667. 4678. 4698. 4754. 4822. 4872. 4891. 4897. 4911. 
4913. 4890. 4899. 4897. 4892. 4889. 4882 4885. 4871. 4843. 4827. 4817. 4812. 4820. 4842. 4866. 4868. 4869. 4874. 
