16055 16058 16075 16094 16099 16104 16127 16172 16241 16296 16342 16406 16421 16413 16421 16406 16380 16390 16323 
16271 16211 16186 16166 16186 16211 16250 16295 16316 16318 16311 16296 16281 16273 14096 14100 14122 14147 14158 
14165 14188 14228 14288 14341 14382 14450 14474 14477 14485 14473 14449 14458 14402 14346 14280 14242 14217 14229 
14239 14285 14344 14377 14387 14383 14363 14345 14336 12137 12143 12170 12201 12216 12227 12249 12284 12336 12386 
12422 12495 12527 12540 12549 12539 12518 12526 12481 12421 12349 12298 12268 12272 12267 12320 12393 12438 12457 
12454 12430 12409 12398 10179 10186 10217 10254 10275 10289 10310 10340 10383 10432 10462 10540 10580 10604 10614 
10606 10587 10594 10559 10496 10418 10354 10320 10316 10295 10356 10442 10500 10526 10526 10497 10472 10461 9147. 
9156. 9186. 9222. 9243. 9254. 9270. 9298. 9346. 9396. 9424. 9480. 9512. 9527. 9541. 9534. 9514. 9516. 9486. 9426 
9364. 9303. 9279. 9274. 9249. 9294. 9362. 9411 9435. 9438. 9419. 9402. 9396. 8116. 8126. 8156. 8191. 8212. 8219. 
8231. 8257. 8309. 8361. 8386. 8420. 8444. 8451. 8468. 8463. 8440. 8439. 8412. 8355. 8309. 8252. 8238. 8232. 8203. 
8232. 8283. 8321. 8345. 8351. 8341. 8333. 8330. 7084. 7097. 7125. 7159. 7181. 7185 7191. 7216 7271. 7326. 7348 
7360. 7376. 7374. 7395. 7391. 7366. 7362 7339. 7284. 7255 7202 7198. 7191. 7158 7170. 7204 7232. 7254. 7264. 
7263 7263. 7264. 6563. 6569. 6589. 6618. 6639. 6644. 6652. 6677. 6734. 6789. 6809. 6816. 6831. 6825. 6843. 6839. 
6818. 6814. 6792. 6742. 6716. 6670. 6668. 6658. 6624. 6632. 6656. 6681. 6701. 6711. 6712. 6716. 6718. 6041. 6040. 
6053. 6077. 6096. 6103. 6112. 6139. 6197. 6252. 6271. 6272. 6285. 6276. 6290. 6288. 6269. 6266. 6246. 6199. 6177. 
6138. 6139. 6125. 6091. 6094. 6108. 6130. 6148. 6157. 6162. 6169. 6172. 5519. 5512. 5517. 5536. 5554. 5562. 5573. 
5601. 5660. 5715. 5733. 5728. 5740. 5727. 5738. 5736. 5720. 5718. 5699. 5657 5639. 5606. 5609. 5593. 5558. 5556. 
5560. 5580. 5595. 5604. 5612 5622 5627 4675. 4664. 4662. 4673. 4686. 4695. 4710. 4741. 4796. 4845. 4863. 4859. 
4865. 4853. 4861. 4858. 4847. 4844. 4830. 4797. 4781. 4752. 4756. 4742. 4709. 4700. 4692. 4704. 4717. 4728. 4740. 
