15994 15982 16001 16045 16084 16127 16157 16123 16089 16143 16191 16226 16266 16249 16232 16217 16185 16123 16094 
16062 15991 15952 15927 15981 15965 15978 16039 16106 16123 16125 16113 16104 16103 14028 14015 14035 14089 14133 
14173 14195 14159 14130 14183 14230 14265 14305 14286 14272 14258 14240 14187 14160 14130 14064 14025 14007 14050 
14029 14041 14093 14148 14172 14180 14167 14154 14150 12063 12047 12069 12133 12182 12220 12234 12196 12171 12224 
12270 12304 12344 12323 12312 12300 12295 12251 12226 12197 12137 12099 12087 12119 12093 12104 12147 12191 12222 
12235 12221 12204 12197 10098 10081 10103 10177 10231 10267 10273 10233 10212 10265 10310 10344 10383 10361 10352 
10342 10350 10316 10292 10266 10211 10173 10167 10189 10157 10167 10202 10234 10272 10291 10275 10254 10245 9064 
9053 9074 9144. 9202 9238. 9254. 9215 9188. 9235 9276 9306 9341. 9317 9307 9301. 9302. 9271. 9249. 9229 
9178. 9146. 9143 9161. 9133 9131 9152. 9181. 9214 9231. 9220. 9206 9201 8030 8025 8045 8112. 8173 8209. 
8236. 8197 8164. 8205 8242 8268 8299. 8273 8262 8261. 8255. 8227. 8207. 8192 8146. 8120. 8119 8133. 8109 
8095 8102. 8129. 8156 8171. 8165. 8158 8157 6996 6997 7016 7080 7144 7181 7218 7179 7141 7175 7208 
7230 7258 7229 7217 7221 7208 7183 7165 7155 7114 7094 7095 7106 7085 7059 7053 7077 7098 7112 
7111 7110 7113 6485 6477. 6488. 6545. 6604. 6639. 6676 6643. 6615 6648. 6678. 6696 6717. 6694. 6684 6685. 
6674. 6650 6634 6626 6588. 6571. 6571 6580 6558. 6533. 6522. 6540. 6558. 6572. 6575 6577. 6580 5973. 5958. 
5961. 6011. 6065. 6098. 6134 6107. 6088. 6122. 6149. 6162 6176. 6160. 6151 6149. 6141. 6117 6103 6097 6063. 
6048. 6047 6053. 6031. 6007. 5992. 6004. 6019. 6033. 6038. 6044. 6047 5463 5439 5434 5477 5526 5557 5592 
5572 5563 5596 5620 5628 5636 5626 5618 5614 5608 5584 5572 5568 5538 5526 5523 5528 5505 5482 
5462 5468 5480 5494 5503 5512 5514 4630. 4606 4597 4628. 4666. 4694. 4729 4719 4713. 4743 4766 4774. 
4783 4772. 4766. 4762 4756. 4735. 4724. 4722. 4698. 4688 4681 4681. 4660 4637. 4616. 4623 4631. 4643 4653. 
