15900 15889 15901 15917 15946 15978 16003 16017 15981 16014 16040 16045 16063 16052 15998 15971 15987 15972 15946 
15873 15869 15841 15797 15787 15796 15849 15911 15937 15939 15932 15942 15965 15982 13898 13880 13891 13917 13958 
13999 14028 14044 14014 14048 14073 14081 14097 14095 14042 14014 14010 13998 13971 13917 13906 13873 13825 13809 
13813 13860 13913 13943 13962 13967 13981 14002 14015 11896 11871 11881 11918 11970 12020 12054 12072 12047 12082 
12106 12117 12132 12138 12086 12056 12033 12025 11996 11961 11944 11906 11853 11830 11831 11871 11915 11949 11985 
12003 12021 12040 12048 9895. 9863 9871. 9918. 9982 10041 10079 10099 10080 10116 10139 10152 10167 10182 10130 
10099 10057 10052 10021 10005 9981. 9939. 9881. 9852. 9848. 9883 9917. 9956. 10009 10038 10060 10077 10082 8865. 
8831. 8837. 8885. 8951. 9013. 9051. 9074. 9062. 9095. 9117. 9130. 9147. 9156. 9113. 9084. 9050. 9034 8994. 8977. 
8959. 8921. 8865. 8828. 8821. 8846. 8870. 8908. 8967. 9004. 9030. 9048. 9052. 7835. 7799. 7802. 7851. 7921. 7985. 
8023. 8050. 8044. 8074. 8094. 8107. 8128 8130. 8095. 8070. 8044. 8015. 7968. 7950. 7937. 7903. 7849. 7805. 7794. 
7809. 7823. 7861. 7925. 7971. 8001. 8019. 8024. 6805. 6768. 6768. 6818. 6891 6957 6995. 7025. 7026. 7053. 7072. 
7085 7108. 7104. 7078. 7056 7038. 6998 6942. 6922. 6916. 6885. 6833. 6781. 6767. 6772. 6775. 6813. 6884. 6937. 
6971. 6990. 6995 6303. 6264. 6261. 6304. 6371. 6433. 6471. 6503. 6506. 6532. 6547. 6557. 6577. 6575. 6555. 6534. 
6517. 6474. 6419. 6402. 6398. 6372. 6320. 6273. 6259. 6261. 6260. 6290. 6357. 6410. 6445. 6466. 6471. 5802. 5761. 
5754. 5791. 5851. 5910. 5948. 5980. 5986. 6010. 6022. 6029. 6047. 6046. 6032. 6013. 5995. 5951. 5896. 5881. 5879. 
5858. 5808 5764. 5750. 5750. 5744. 5768. 5831. 5882. 5919. 5942. 5947. 5300. 5257. 5247. 5277. 5331. 5386. 5425. 
5458. 5466. 5488. 5497 5501. 5516. 5517. 5509 5492 5473. 5429 5374 5361. 5361. 5345. 5295. 5255. 5242. 5239. 
5228. 5245. 5305. 5355. 5392. 5418. 5423. 4500. 4461. 4446. 4464. 4503. 4547. 4586. 4615. 4623. 4645. 4656. 4661. 
4673. 4672. 4663. 4650. 4628. 4594. 4545. 4532. 4534. 4524. 4483. 4451 4436. 4425. 4409. 4420. 4473. 4519. 4554 
