15893 15886 15868 15854 15853 15855 15857 15870 15899 15943 15967 15967 15942 15900 15860 15857 15856 15844 15810 
15740 15726 15718 15709 15690 15695 15728 15784 15816 15822 15825 15853 15898 15927 13868 13858 13841 13831 13833 
13841 13855 13879 13914 13964 13993 13994 13966 13917 13865 13859 13850 13845 13818 13758 13730 13711 13699 13681 
13685 13717 13774 13812 13831 13844 13874 13913 13936 11844 11830 11814 11808 11813 11826 11854 11889 11930 11985 
12018 12022 11990 11934 11871 11861 11844 11847 11825 11776 11735 11704 11689 11673 11676 11706 11763 11808 11841 
11863 11894 11928 11946 9819. 9802 9786. 9785. 9794 9812 9852. 9898. 9946. 10006 10044 10049 10014 9951. 9877. 
9864 9839 9848. 9832. 9794. 9739. 9697. 9679. 9665. 9666. 9695. 9753. 9804. 9850. 9882. 9915 9944 9955. 8803. 
8785. 8765. 8762. 8769. 8786. 8830. 8882. 8931. 8988. 9025. 9030. 8998. 8933. 8860. 8852. 8838. 8840. 8814. 8767. 
8719. 8682. 8666. 8653. 8654. 8678. 8726. 8775. 8827. 8865. 8897. 8921. 8929. 7787. 7768. 7745. 7739. 7744. 7760. 
7808. 7865. 7917. 7970. 8006. 8012. 7982. 7914. 7842. 7840. 7838. 7833. 7796. 7741. 7699. 7666. 7654. 7641. 7642. 
7660. 7699. 7745. 7804. 7849. 7880. 7899. 7903. 6771. 6751. 6724. 6716. 6719. 6734. 6786. 6849 6903. 6952. 6986. 
6994. 6966. 6896. 6825. 6828. 6838. 6825. 6778. 6714. 6680 6651. 6642 6629. 6630 6643. 6672. 6716. 6781. 6833. 
6862. 6876. 6877. 6270. 6249. 6221. 6211. 6211. 6223. 6272. 6332. 6385. 6432. 6464. 6470. 6445. 6380. 6315. 6320. 
6328. 6313. 6266. 6207. 6175. 6151. 6144. 6133. 6135. 6147. 6169. 6206. 6265. 6313. 6343. 6358. 6360. 5769. 5747. 
5718. 5705. 5702. 5712. 5758. 5816. 5867. 5912. 5942. 5946. 5924. 5865. 5806. 5811. 5818. 5802. 5755. 5700. 5671. 
5651. 5646. 5637. 5641. 5651. 5667. 5697. 5750. 5794. 5823. 5840. 5843. 5268 5245. 5216 5200. 5194. 5202 5244 
5299. 5350 5392. 5420. 5423. 5403 5349. 5297. 5302. 5309. 5290. 5243. 5193. 5166. 5151. 5148. 5141. 5147. 5155. 
5164. 5187. 5234. 5275 5304. 5323. 5327. 4473. 4452. 4423. 4404. 4395. 4400. 4433. 4475. 4513. 4545. 4574. 4584. 
4571. 4529. 4485. 4484. 4480. 4464. 4427. 4382. 4363. 4354. 4354. 4347. 4351. 4356. 4357. 4372. 4411. 4444. 4469. 
