15876 15870 15859 15845 15832 15823 15815 15819 15839 15867 15883 15877 15849 15811 15786 15788 15792 15779 15751 
15723 15708 15704 15706 15713 15735 15763 15785 15796 15814 15844 15878 15909 15928 13849 13842 13832 13818 13805 
13797 13794 13803 13831 13865 13888 13882 13849 13804 13773 13775 13781 13769 13742 13713 13696 13690 13689 13695 
13716 13743 13766 13781 13805 13838 13870 13897 13911 11821 11814 11804 11790 11778 11771 11772 11788 11822 11864 
11892 11888 11850 11798 11759 11761 11770 11760 11733 11704 11685 11675 11673 11678 11697 11723 11746 11766 11795 
11831 11862 11884 11894 9794. 9787 9776. 9763. 9751. 9746. 9752 9773 9814 9863. 9897. 9893. 9851. 9791. 9745. 
9748. 9759. 9750. 9724. 9695 9673. 9661. 9657. 9660. 9678. 9703. 9727. 9751. 9785. 9824. 9855. 9871. 9877 8784. 
8777. 8766. 8753. 8740. 8734. 8739. 8759 8798. 8846. 8879. 8875. 8834. 8775. 8730. 8734. 8745. 8736. 8709. 8681. 
8661. 8651. 8648. 8651. 8666. 8687. 8710. 8732. 8766. 8803. 8830. 8844. 8846. 7775. 7768. 7756. 7742. 7729. 7723. 
7725. 7744. 7783. 7830. 7861. 7857. 7817. 7759. 7715. 7719. 7730. 7721. 7695. 7667. 7649. 7640. 7639. 7643. 7654. 
7672. 7692. 7713. 7747. 7782. 7806. 7816. 7816. 6765. 6758. 6746. 6731. 6718. 6712. 6713 6731 6769 6813. 6844 
6840 6800. 6744 6701 6705. 6716 6707. 6681 6654. 6638. 6630. 6630. 6634. 6643. 6657. 6674. 6695. 6728 6761. 
6782. 6788. 6786. 6267. 6259. 6246. 6230. 6218. 6211. 6211. 6226. 6261. 6303. 6332. 6328. 6292. 6240. 6200. 6204. 
6212. 6202. 6177. 6152. 6137. 6130. 6129. 6134. 6143. 6156. 6171. 6190. 6220. 6250. 6270. 6276. 6274. 5769. 5760. 
5746. 5729. 5717. 5711. 5709. 5722. 5754. 5793. 5820. 5817. 5785. 5737. 5700. 5702. 5708. 5698. 5674. 5650. 5636. 
5630. 5629. 5633. 5643. 5655. 5668. 5685. 5712. 5739. 5758. 5764. 5763. 5271 5262 5246 5228 5216. 5211 5207. 
5218 5247. 5283. 5308. 5306. 5277. 5233. 5200 5201. 5205. 5194. 5170. 5148. 5135. 5130 5128. 5133. 5143. 5154. 
5165 5181 5205. 5229. 5246 5252. 5251. 4474. 4465. 4448. 4430. 4419. 4413. 4409. 4416. 4437. 4463. 4483. 4485. 
4466. 4434. 4409. 4407. 4405. 4390. 4364. 4342. 4329. 4325. 4326. 4332. 4343. 4355. 4364. 4375. 4392. 4407. 4417. 
