15863 15856 15842 15825 15812 15807 15807 15809 15814 15821 15824 15819 15807 15795 15788 15780 15766 15743 15720 
15708 15705 15705 15708 15719 15737 15758 15774 15795 15829 15872 15910 15934 15944 13836 13830 13817 13802 13791 
13787 13788 13789 13796 13806 13813 13809 13797 13783 13775 13767 13753 13730 13707 13695 13691 13691 13693 13702 
13719 13738 13754 13774 13807 13849 13883 13905 13913 11810 11804 11793 11779 11770 11767 11768 11770 11778 11792 
11803 11800 11786 11771 11762 11754 11740 11717 11694 11682 11678 11676 11677 11685 11700 11718 11734 11754 11785 
11825 11856 11877 11883 9783. 9778. 9768. 9756. 9748. 9747. 9748. 9751. 9761. 9778 9792. 9790. 9776 9760. 9749. 
9741. 9727. 9705 9682. 9669. 9665. 9662. 9661. 9668 9682. 9699. 9714. 9733. 9763. 9801. 9830. 9848. 9852. 8774. 
8770. 8761. 8752. 8746. 8746. 8745. 8745. 8752. 8767. 8779. 8775. 8760. 8743. 8733. 8725. 8712. 8692 8670. 8658. 
8654. 8652. 8652. 8658 8670. 8684. 8697. 8714. 8742. 8775. 8801. 8815. 8818. 7765. 7761. 7754. 7747. 7744. 7744. 
7742. 7739. 7744. 7756. 7766. 7761 7744. 7726. 7716. 7710. 7698. 7679 7659. 7647. 7644. 7642. 7643. 7648 7658. 
7670. 7681. 7696. 7720. 7749. 7772 7783. 7785. 6755. 6752. 6746. 6742. 6742. 6743. 6738. 6733. 6736. 6746 6753 
6746. 6728. 6710. 6700. 6694. 6683. 6666 6647. 6636. 6633. 6632. 6634 6638 6645. 6655. 6664. 6677. 6699. 6724 
6742. 6751 6751. 6258. 6255. 6247. 6241. 6239. 6239. 6235. 6230. 6232. 6241. 6248. 6242. 6225. 6209. 6200. 6193. 
6182. 6165. 6146. 6136. 6133. 6132. 6133. 6137. 6145. 6154. 6163. 6175. 6194. 6217. 6233. 6241. 6241. 5762. 5757. 
5748. 5739. 5736. 5736. 5731. 5727. 5729. 5737. 5743. 5738. 5723. 5708. 5700. 5693. 5681. 5664. 5646. 5636. 5633. 
5632. 5633. 5637. 5644. 5653. 5661. 5672. 5690. 5710. 5725. 5731. 5731. 5265. 5259. 5248. 5237. 5233. 5232. 5227. 
5223. 5225. 5232. 5238. 5234. 5220. 5207. 5199. 5192. 5180. 5163. 5145. 5135. 5132. 5132 5133 5137. 5144. 5152. 
5160 5170 5185. 5203. 5216. 5222 5221. 4468. 4462. 4450. 4438. 4433. 4431. 4427. 4423. 4423. 4429. 4433. 4431. 
4423. 4414. 4408. 4399. 4384. 4362. 4341. 4329. 4326. 4327. 4330. 4336. 4344. 4353. 4359. 4366. 4375. 4385. 4391. 
