15861 15854 15840 15822 15811 15807 15807 15807 15810 15814 15816 15812 15803 15794 15788 15779 15762 15740 15719 
15707 15703 15704 15708 15719 15736 15754 15772 15795 15832 15876 15914 15938 15945 13835 13828 13816 13800 13790 
13787 13787 13787 13791 13798 13803 13800 13791 13781 13774 13765 13748 13727 13705 13693 13689 13689 13692 13702 
13717 13735 13752 13774 13808 13850 13885 13907 13913 11809 11803 11792 11777 11769 11767 11767 11767 11772 11782 
11790 11788 11779 11769 11761 11752 11736 11714 11692 11680 11675 11674 11676 11685 11699 11716 11732 11753 11786 
11824 11856 11876 11882 9783 9778 9768 9756 9748 9747 9747 9748 9754 9766 9777 9777 9768 9757 9748 
9739 9723 9701 9679 9667 9662 9660 9661 9668 9681 9697 9712 9732 9763 9799 9828 9845 9851 8773. 
8769. 8760. 8751. 8745. 8745. 8744 8743 8747 8756. 8765 8763 8752. 8740. 8731. 8723. 8708. 8688 8667. 8656. 
8652 8650. 8652 8658 8669 8682. 8695. 8713. 8741 8772. 8798 8812. 8817. 7764. 7760. 7753. 7746. 7743. 7743. 
7741 7738 7740 7747. 7753 7749 7736. 7724. 7715. 7707. 7694. 7675 7656. 7645. 7642 7641. 7643 7648 7657 
7668. 7679. 7694. 7719 7746. 7768 7779. 7783. 6755 6752 6746 6742 6741 6742 6738 6733 6733 6738 6741 
6735 6721 6708 6699 6692 6680 6662 6645 6635 6632 6632 6634 6638 6645 6654 6663 6676 6697 6720 
6738 6747 6750 6257. 6254 6246. 6240. 6238. 6238. 6234. 6229. 6229. 6234. 6237. 6231. 6218. 6207 6199 6191. 
6179. 6161. 6144. 6135 6132 6132 6133. 6138 6145 6153. 6162 6173. 6192. 6213. 6229. 6237. 6240 5760. 5756 
5746. 5738. 5735. 5734. 5730. 5726. 5726. 5730. 5733. 5728. 5717 5706 5699 5691. 5678. 5661. 5644. 5635 5632 
5632 5633. 5638 5645 5652. 5661 5672 5688. 5707. 5721. 5727. 5730 5263 5258 5247 5237 5233 5231 5227 
5223 5223 5227 5230 5225 5215 5205 5199 5191 5178 5161 5144 5135 5132 5132 5133 5138 5145 5152 
5160 5170 5184 5201 5213 5218 5220 4466. 4461 4449 4437. 4432. 4429. 4426. 4422. 4422. 4425 4427. 4425 
4419. 4412. 4407. 4398. 4382 4360. 4340. 4330 4326. 4328 4331 4337. 4345. 4353 4359. 4366 4374 4382. 4388. 
